Format SEED NUMBER
0 1
1 2
2 3
3 2
4 4
5 2
6 2
7 4
8 6
9 2
10 4
11 4
12 2
13 6
14 4
15 4
16 8
17 4
18 2
19 6
20 2
21 4
22 8
23 2
24 4
25 8
26 4
27 2
28 6
29 2
30 2
31 8
32 14
33 2
34 6
35 4
36 8
37 8
38 4
39 6
40 6
41 8
42 12
43 4
44 4
45 2
46 8
47 6
48 2
49 12
50 8
51 2
52 8
53 8
54 2
55 4
56 4
57 2
58 4
59 12
60 6
61 4
62 6
63 10
64 20
65 2
66 4
67 8
68 2
69 12
70 6
71 2
72 2
73 6
74 4
75 8
76 16
77 8
78 2
79 8
80 4
81 4
82 16
83 2
84 4
85 2
86 4
87 12
88 6
89 4
90 4
91 4
92 2
93 12
94 16
95 2
96 2
97 20
98 4
99 4
100 6
101 2
102 4
103 12
104 12
105 2
106 2
107 6
108 8
109 16
110 12
111 4
112 8
113 4
114 2
115 16
116 8
117 6
118 4
119 2
120 2
121 12
122 12
123 2
124 8
125 4
126 2
127 20
128 36
129 6
130 10
131 4
132 4
133 12
134 8
135 4
136 24
137 4
138 22
139 20
140 4
141 6
142 2
143 16
144 4
145 12
146 8
147 6
148 24
149 2
150 2
151 4
152 4
153 4
154 6
155 6
156 16
157 16
158 8
159 4
160 10
161 4
162 32
163 4
164 8
165 14
166 2
167 6
168 22
169 4
170 28
171 8
172 6
173 8
174 4
175 2
176 8
177 2
178 2
179 16
180 2
181 16
182 24
183 14
184 2
185 18
186 4
187 4
188 8
189 4
190 20
191 4
192 6
193 30
194 4
195 2
196 12
197 4
198 2
199 8
200 4
201 16
202 4
203 8
204 4
205 4
206 18
207 6
208 12
209 4
210 14
211 4
212 2
213 24
214 16
215 4
216 6
217 4
218 8
219 12
220 16
221 18
222 4
223 6
224 4
225 2
226 4
227 30
228 6
229 4
230 16
231 2
232 20
233 8
234 8
235 16
236 6
237 12
238 4
239 8
240 4
241 8
242 6
243 2
244 4
245 4
246 14
247 24
248 16
249 6
250 2
251 8
252 4
253 6
254 4
255 30
256 60
257 8
258 4
259 6
260 26
261 8
262 8
263 16
264 2
265 24
266 12
267 8
268 12
269 2
270 8
271 4
272 2
273 8
274 12
275 10
276 4
277 4
278 2
279 8
280 32
281 2
282 10
283 28
284 4
285 6
286 8
287 4
288 26
289 6
290 4
291 4
292 52
293 8
294 8
295 8
296 4
297 4
298 12
299 24
300 2
301 12
302 6
303 2
304 12
305 8
306 8
307 8
308 2
309 8
310 24
311 2
312 4
313 40
314 12
315 2
316 32
317 42
318 2
319 12
320 4
321 12
322 40
323 2
324 4
325 8
326 4
327 6
328 12
329 16
330 2
331 4
332 8
333 16
334 8
335 16
336 12
337 2
338 2
339 24
340 12
341 8
342 6
343 2
344 10
345 6
346 32
347 2
348 12
349 4
350 2
351 8
352 8
353 10
354 4
355 8
356 8
357 28
358 36
359 2
360 2
361 12
362 6
363 4
364 24
365 2
366 10
367 12
368 8
369 16
370 8
371 22
372 6
373 4
374 10
375 28
376 8
377 4
378 2
379 24
380 2
381 4
382 40
383 4
384 8
385 52
386 12
387 8
388 6
389 12
390 10
391 20
392 8
393 2
394 2
395 12
396 8
397 8
398 16
399 2
400 24
401 2
402 16
403 4
404 4
405 6
406 12
407 4
408 2
409 48
410 6
411 26
412 40
413 2
414 4
415 32
416 8
417 12
418 8
419 12
420 8
421 32
422 28
423 2
424 4
425 6
426 8
427 10
428 8
429 2
430 4
431 12
432 2
433 8
434 16
435 8
436 12
437 2
438 2
439 12
440 6
441 2
442 4
443 4
444 42
445 32
446 4
447 2
448 6
449 8
450 2
451 40
452 4
453 12
454 8
455 2
456 10
457 4
458 24
459 4
460 8
461 8
462 22
463 6
464 8
465 12
466 4
467 4
468 24
469 10
470 4
471 4
472 28
473 26
474 2
475 32
476 2
477 4
478 24
479 4
480 16
481 20
482 6
483 2
484 8
485 2
486 2
487 44
488 8
489 4
490 2
491 4
492 2
493 12
494 28
495 10
496 4
497 2
498 16
499 6
500 2
501 12
502 12
503 10
504 4
505 32
506 8
507 4
508 12
509 2
510 4
511 56
512 108
513 4
514 32
515 8
516 2
517 16
518 4
519 4
520 18
521 8
522 52
523 22
524 8
525 2
526 4
527 12
528 70
529 6
530 4
531 2
532 8
533 4
534 2
535 32
536 20
537 8
538 12
539 16
540 4
541 4
542 18
543 8
544 18
545 32
546 38
547 4
548 4
549 30
550 8
551 8
552 68
553 4
554 18
555 4
556 4
557 12
558 4
559 6
560 20
561 4
562 2
563 42
564 8
565 4
566 16
567 2
568 34
569 12
570 8
571 20
572 6
573 34
574 8
575 4
576 2
577 8
578 16
579 14
580 60
581 2
582 14
583 4
584 4
585 4
586 6
587 12
588 4
589 8
590 16
591 12
592 8
593 6
594 4
595 44
596 32
597 12
598 16
599 4
600 8
601 20
602 6
603 34
604 8
605 8
606 4
607 36
608 8
609 34
610 2
611 32
612 4
613 4
614 6
615 8
616 4
617 50
618 52
619 2
620 48
621 6
622 22
623 4
624 4
625 16
626 16
627 2
628 8
629 8
630 4
631 6
632 6
633 2
634 6
635 8
636 32
637 40
638 20
639 2
640 32
641 16
642 84
643 4
644 16
645 12
646 2
647 18
648 38
649 8
650 18
651 20
652 2
653 8
654 24
655 4
656 4
657 2
658 32
659 24
660 4
661 16
662 12
663 6
664 2
665 12
666 4
667 72
668 16
669 4
670 2
671 4
672 52
673 2
674 18
675 8
676 6
677 60
678 4
679 4
680 18
681 4
682 94
683 2
684 52
685 8
686 6
687 8
688 12
689 32
690 4
691 4
692 6
693 2
694 6
695 32
696 8
697 34
698 40
699 18
700 6
701 8
702 8
703 14
704 4
705 30
706 2
707 6
708 14
709 84
710 48
711 2
712 8
713 8
714 4
715 2
716 6
717 4
718 4
719 8
720 2
721 4
722 12
723 8
724 16
725 4
726 34
727 24
728 16
729 16
730 6
731 4
732 4
733 18
734 4
735 4
736 4
737 12
738 24
739 2
740 16
741 6
742 4
743 16
744 4
745 4
746 6
747 40
748 22
749 16
750 48
751 34
752 18
753 12
754 2
755 8
756 4
757 12
758 4
759 8
760 8
761 8
762 8
763 2
764 20
765 2
766 74
767 12
768 4
769 90
770 16
771 4
772 8
773 34
774 30
775 8
776 32
777 2
778 2
779 12
780 34
781 52
782 12
783 6
784 6
785 32
786 2
787 16
788 6
789 16
790 4
791 24
792 4
793 4
794 32
795 2
796 16
797 6
798 12
799 18
800 8
801 2
802 8
803 12
804 4
805 8
806 8
807 2
808 4
809 48
810 4
811 6
812 50
813 2
814 4
815 20
816 8
817 4
818 12
819 6
820 20
821 6
822 16
823 16
824 12
825 40
826 34
827 4
828 2
829 6
830 8
831 2
832 16
833 34
834 12
835 4
836 2
837 48
838 84
839 14
840 30
841 8
842 60
843 4
844 4
845 4
846 6
847 16
848 4
849 16
850 16
851 12
852 12
853 56
854 4
855 16
856 4
857 6
858 2
859 44
860 8
861 4
862 12
863 4
864 2
865 52
866 8
867 38
868 8
869 4
870 4
871 6
872 12
873 2
874 8
875 16
876 6
877 96
878 16
879 2
880 4
881 6
882 4
883 8
884 8
885 4
886 18
887 4
888 34
889 6
890 8
891 4
892 40
893 34
894 2
895 24
896 8
897 4
898 4
899 72
900 14
901 4
902 6
903 4
904 4
905 12
906 8
907 2
908 32
909 38
910 2
911 4
912 2
913 16
914 24
915 32
916 44
917 12
918 8
919 12
920 42
921 6
922 4
923 20
924 2
925 8
926 8
927 8
928 22
929 12
930 20
931 2
932 12
933 4
934 2
935 8
936 4
937 6
938 2
939 54
940 2
941 16
942 40
943 4
944 16
945 2
946 72
947 20
948 34
949 44
950 4
951 34
952 20
953 4
954 18
955 56
956 8
957 4
958 2
959 8
960 4
961 8
962 18
963 4
964 4
965 14
966 2
967 60
968 8
969 2
970 4
971 8
972 8
973 6
974 16
975 14
976 32
977 24
978 6
979 12
980 4
981 16
982 24
983 32
984 2
985 16
986 32
987 34
988 6
989 4
990 8
991 4
992 12
993 6
994 4
995 4
996 12
997 16
998 8
999 14
1000 6
1001 20
1002 8
1003 4
1004 4
1005 2
1006 34
1007 56
1008 8
1009 18
1010 4
1011 8
1012 36
1013 4
1014 4
1015 4
1016 4
1017 2
1018 14
1019 8
1020 2
1021 24
1022 12
1023 94
1024 188
